5.800000000000000034e-05
5.849999999999999894e-05
5.899999999999999754e-05
5.989999999999999909e-05
6.099999999999999872e-05
6.200000000000000270e-05
6.299999999999999990e-05
6.399999999999999710e-05
6.499999999999999431e-05
6.600000000000000506e-05
6.700000000000000226e-05
6.789999999999999703e-05
6.899999999999999667e-05
7.050000000000000602e-05
7.200000000000000182e-05
7.310000000000000146e-05
7.399999999999999623e-05
7.490000000000000455e-05
7.600000000000000418e-05
7.739999999999999756e-05
7.899999999999999579e-05
8.059999999999999402e-05
8.200000000000000095e-05
8.299999999999999815e-05
8.399999999999999535e-05
8.550000000000000471e-05
8.700000000000000051e-05
8.799999999999999771e-05
8.899999999999999491e-05
9.050000000000000427e-05
9.200000000000000007e-05
9.299999999999999727e-05
9.399999999999999448e-05
9.550000000000000383e-05
9.699999999999999963e-05
9.799999999999999684e-05
9.899999999999999404e-05
1.010000000000000020e-04
1.019999999999999992e-04
1.029999999999999964e-04
1.039999999999999936e-04
1.050000000000000044e-04
1.060000000000000016e-04
1.069999999999999988e-04
1.079999999999999960e-04
1.090000000000000067e-04
1.100000000000000039e-04
1.110000000000000011e-04
1.119999999999999983e-04
1.129999999999999955e-04
1.140000000000000063e-04
1.150000000000000035e-04
1.160000000000000007e-04
1.169999999999999979e-04
1.179999999999999951e-04
1.190000000000000058e-04
1.200000000000000030e-04
1.210000000000000002e-04
1.219999999999999974e-04
1.230000000000000082e-04
1.240000000000000054e-04
1.250000000000000026e-04
1.259999999999999998e-04
1.269999999999999970e-04
1.279999999999999942e-04
1.289999999999999914e-04
1.299999999999999886e-04
1.320000000000000101e-04
1.330000000000000073e-04
1.340000000000000045e-04
1.350000000000000017e-04
1.359999999999999989e-04
1.379999999999999933e-04
1.399999999999999877e-04
1.410000000000000120e-04
1.420000000000000092e-04
1.440000000000000036e-04
1.459999999999999981e-04
1.479999999999999925e-04
1.499999999999999869e-04
1.520000000000000084e-04
1.540000000000000028e-04
1.569999999999999944e-04
1.600000000000000131e-04
1.620000000000000075e-04
1.640000000000000019e-04
1.669999999999999935e-04
1.700000000000000122e-04
1.740000000000000010e-04
1.779999999999999898e-04
1.810000000000000085e-04
1.849999999999999973e-04
1.890000000000000133e-04
1.930000000000000021e-04
1.979999999999999881e-04
2.030000000000000012e-04
2.090000000000000115e-04
2.159999999999999919e-04
2.229999999999999994e-04
2.300000000000000070e-04
2.380000000000000117e-04
2.460000000000000164e-04
2.550000000000000183e-04
2.640000000000000202e-04
2.730000000000000222e-04
2.820000000000000241e-04
2.910000000000000260e-04
2.999999999999999737e-04
3.099999999999999999e-04
3.190000000000000019e-04
3.289999999999999739e-04
3.390000000000000001e-04
3.490000000000000263e-04
3.589999999999999984e-04
3.680000000000000003e-04
3.770000000000000022e-04
3.860000000000000041e-04
3.959999999999999762e-04
4.040000000000000080e-04
4.070000000000000267e-04
4.090000000000000211e-04
4.139999999999999800e-04
4.159999999999999744e-04
4.110000000000000155e-04
4.090000000000000211e-04
4.180000000000000230e-04
4.270000000000000249e-04
4.270000000000000249e-04
4.229999999999999819e-04
4.240000000000000062e-04
4.290000000000000193e-04
4.369999999999999970e-04
4.449999999999999746e-04
4.510000000000000120e-04
4.560000000000000251e-04
4.629999999999999784e-04
4.699999999999999859e-04
4.749999999999999990e-04
4.800000000000000122e-04
4.879999999999999898e-04
4.949999999999999973e-04
4.979999999999999618e-04
5.029999999999999749e-04
5.140000000000000254e-04
5.270000000000000162e-04
5.360000000000000181e-04
5.439999999999999957e-04
5.529999999999999976e-04
5.640000000000000482e-04
5.760000000000000146e-04
5.879999999999999810e-04
5.999999999999999474e-04
6.109999999999999980e-04
6.220000000000000485e-04
6.310000000000000504e-04
6.390000000000000280e-04
6.459999999999999814e-04
6.520000000000000188e-04
6.579999999999999478e-04
6.650000000000000095e-04
6.719999999999999628e-04
6.790000000000000245e-04
6.859999999999999779e-04
6.920000000000000153e-04
6.989999999999999686e-04
7.079999999999999705e-04
7.179999999999999967e-04
7.259999999999999743e-04
7.339999999999999520e-04
7.460000000000000268e-04
7.590000000000000175e-04
7.730000000000000326e-04
7.870000000000000476e-04
8.019999999999999785e-04
8.189999999999999581e-04
8.390000000000000105e-04
8.580000000000000387e-04
8.750000000000000182e-04
8.959999999999999866e-04
9.240000000000000166e-04
9.520000000000000467e-04
9.749999999999999552e-04
1.000000000000000021e-03
1.039999999999999909e-03
1.080000000000000014e-03
1.119999999999999902e-03
1.160000000000000007e-03
1.199999999999999895e-03
1.250000000000000026e-03
1.299999999999999940e-03
1.360000000000000098e-03
1.410000000000000012e-03
1.459999999999999926e-03
1.510000000000000057e-03
1.569999999999999998e-03
1.639999999999999965e-03
1.699999999999999905e-03
1.760000000000000063e-03
1.860000000000000108e-03
2.040000000000000147e-03
2.220000000000000185e-03
2.320000000000000014e-03
2.370000000000000145e-03
2.399999999999999790e-03
2.449999999999999921e-03
2.520000000000000104e-03
2.589999999999999854e-03
2.629999999999999959e-03
2.650000000000000012e-03
2.670000000000000064e-03
2.690000000000000117e-03
2.700000000000000143e-03
2.720000000000000195e-03
2.729999999999999788e-03
2.739999999999999814e-03
2.749999999999999840e-03
2.759999999999999867e-03
2.779999999999999919e-03
2.789999999999999945e-03
2.799999999999999972e-03
2.809999999999999998e-03
2.820000000000000024e-03
2.840000000000000076e-03
2.850000000000000103e-03
2.870000000000000155e-03
2.880000000000000181e-03
2.890000000000000208e-03
2.909999999999999826e-03
2.919999999999999853e-03
2.939999999999999905e-03
2.959999999999999958e-03
2.969999999999999984e-03
2.990000000000000036e-03
3.000000000000000062e-03
3.010000000000000089e-03
3.020000000000000115e-03
3.040000000000000167e-03
3.059999999999999786e-03
3.079999999999999839e-03
3.089999999999999865e-03
3.109999999999999917e-03
3.129999999999999970e-03
3.139999999999999996e-03
3.160000000000000048e-03
3.180000000000000101e-03
3.200000000000000153e-03
3.220000000000000206e-03
3.239999999999999825e-03
3.259999999999999877e-03
3.289999999999999956e-03
3.320000000000000034e-03
3.340000000000000087e-03
3.360000000000000139e-03
3.389999999999999784e-03
3.419999999999999863e-03
3.459999999999999968e-03
3.510000000000000099e-03
3.569999999999999823e-03
3.640000000000000006e-03
3.710000000000000190e-03
3.789999999999999966e-03
3.870000000000000176e-03
3.930000000000000333e-03
3.980000000000000031e-03
4.020000000000000136e-03
4.049999999999999781e-03
4.069999999999999833e-03
4.089999999999999886e-03
4.100000000000000346e-03
4.109999999999999938e-03
4.120000000000000398e-03
4.139999999999999583e-03
4.150000000000000043e-03
4.159999999999999636e-03
4.170000000000000095e-03
4.199999999999999740e-03
4.219999999999999793e-03
4.250000000000000305e-03
4.270000000000000358e-03
4.290000000000000410e-03
4.320000000000000055e-03
4.349999999999999700e-03
4.380000000000000213e-03
4.420000000000000318e-03
4.460000000000000422e-03
4.499999999999999660e-03
4.550000000000000225e-03
4.590000000000000330e-03
4.649999999999999620e-03
4.700000000000000185e-03
4.760000000000000342e-03
4.830000000000000092e-03
4.899999999999999842e-03
4.989999999999999644e-03
5.069999999999999854e-03
5.150000000000000064e-03
5.239999999999999866e-03
5.349999999999999721e-03
5.470000000000000036e-03
5.590000000000000351e-03
5.720000000000000258e-03
5.859999999999999758e-03
6.000000000000000125e-03
6.150000000000000085e-03
6.300000000000000044e-03
6.459999999999999597e-03
6.629999999999999609e-03
6.799999999999999621e-03
6.989999999999999686e-03
7.199999999999999803e-03
7.420000000000000380e-03
7.649999999999999682e-03
7.889999999999999444e-03
8.160000000000000586e-03
8.449999999999999178e-03
8.760000000000000425e-03
9.110000000000000042e-03
9.480000000000000579e-03
9.870000000000000301e-03
1.030000000000000013e-02
1.069999999999999944e-02
1.119999999999999989e-02
1.170000000000000033e-02
1.220000000000000077e-02
1.269999999999999948e-02
1.319999999999999993e-02
1.370000000000000037e-02
1.430000000000000021e-02
1.490000000000000005e-02
1.549999999999999989e-02
1.619999999999999912e-02
1.700000000000000122e-02
1.789999999999999925e-02
1.890000000000000013e-02
1.990000000000000102e-02
2.100000000000000130e-02
2.210000000000000159e-02
2.309999999999999901e-02
2.390000000000000110e-02
2.469999999999999973e-02
2.529999999999999957e-02
2.580000000000000002e-02
2.620000000000000107e-02
2.649999999999999925e-02
2.670000000000000151e-02
2.690000000000000030e-02
2.699999999999999969e-02
2.709999999999999909e-02
2.719999999999999848e-02
2.730000000000000135e-02
2.730000000000000135e-02
2.740000000000000074e-02
2.740000000000000074e-02
2.750000000000000014e-02
2.750000000000000014e-02
2.750000000000000014e-02
2.750000000000000014e-02
2.759999999999999953e-02
2.759999999999999953e-02
2.769999999999999893e-02
2.769999999999999893e-02
2.769999999999999893e-02
2.769999999999999893e-02
2.769999999999999893e-02
2.769999999999999893e-02
2.769999999999999893e-02
2.769999999999999893e-02
2.769999999999999893e-02
2.759999999999999953e-02
2.759999999999999953e-02
2.750000000000000014e-02
2.750000000000000014e-02
2.750000000000000014e-02
2.740000000000000074e-02
2.730000000000000135e-02
2.719999999999999848e-02
2.709999999999999909e-02
2.699999999999999969e-02
2.690000000000000030e-02
2.680000000000000090e-02
2.659999999999999865e-02
2.649999999999999925e-02
2.630000000000000046e-02
2.620000000000000107e-02
2.610000000000000167e-02
2.589999999999999941e-02
2.560000000000000123e-02
2.520000000000000018e-02
2.510000000000000078e-02
2.500000000000000139e-02
2.469999999999999973e-02
2.450000000000000094e-02
2.409999999999999989e-02
2.390000000000000110e-02
2.369999999999999885e-02
2.359999999999999945e-02
2.340000000000000066e-02
2.319999999999999840e-02
2.299999999999999961e-02
2.280000000000000082e-02
2.249999999999999917e-02
2.239999999999999977e-02
2.239999999999999977e-02
2.220000000000000098e-02
2.199999999999999872e-02
2.199999999999999872e-02
2.199999999999999872e-02
2.199999999999999872e-02
2.179999999999999993e-02
2.189999999999999933e-02
2.189999999999999933e-02
2.189999999999999933e-02
2.199999999999999872e-02
2.210000000000000159e-02
2.220000000000000098e-02
2.230000000000000038e-02
2.249999999999999917e-02
2.280000000000000082e-02
2.299999999999999961e-02
2.309999999999999901e-02
2.330000000000000127e-02
2.390000000000000110e-02
2.450000000000000094e-02
2.479999999999999913e-02
2.520000000000000018e-02
2.620000000000000107e-02
2.769999999999999893e-02
2.829999999999999877e-02
2.910000000000000087e-02
3.109999999999999917e-02
3.209999999999999659e-02
3.300000000000000155e-02
3.459999999999999881e-02
3.610000000000000014e-02
3.660000000000000059e-02
3.699999999999999817e-02
3.790000000000000313e-02
3.830000000000000071e-02
3.849999999999999950e-02
3.910000000000000281e-02
3.950000000000000039e-02
3.969999999999999918e-02
4.000000000000000083e-02
4.039999999999999841e-02
4.059999999999999720e-02
4.080000000000000293e-02
4.120000000000000051e-02
4.130000000000000338e-02
4.150000000000000216e-02
4.200000000000000261e-02
4.200000000000000261e-02
4.220000000000000140e-02
4.250000000000000305e-02
4.270000000000000184e-02
4.279999999999999777e-02
4.309999999999999942e-02
4.359999999999999987e-02
4.370000000000000273e-02
4.379999999999999866e-02
4.429999999999999910e-02
4.449999999999999789e-02
4.469999999999999668e-02
4.510000000000000120e-02
4.529999999999999999e-02
4.549999999999999878e-02
4.610000000000000209e-02
4.660000000000000253e-02
4.689999999999999725e-02
4.710000000000000298e-02
4.710000000000000298e-02
4.750000000000000056e-02
4.830000000000000265e-02
4.870000000000000023e-02
4.889999999999999902e-02
4.959999999999999826e-02
5.009999999999999870e-02
5.050000000000000322e-02
5.120000000000000245e-02
5.149999999999999717e-02
5.199999999999999761e-02
5.299999999999999850e-02
5.349999999999999895e-02
5.390000000000000346e-02
5.469999999999999862e-02
5.530000000000000193e-02
5.569999999999999951e-02
5.600000000000000117e-02
5.650000000000000161e-02
5.750000000000000250e-02
5.790000000000000008e-02
5.829999999999999766e-02
5.920000000000000262e-02
5.979999999999999899e-02
6.010000000000000064e-02
6.040000000000000230e-02
6.090000000000000274e-02
6.189999999999999669e-02
6.230000000000000121e-02
6.270000000000000573e-02
6.360000000000000375e-02
6.410000000000000420e-02
6.460000000000000464e-02
6.560000000000000553e-02
6.640000000000000069e-02
6.669999999999999540e-02
6.700000000000000400e-02
6.769999999999999629e-02
6.900000000000000577e-02
6.990000000000000380e-02
7.040000000000000424e-02
7.090000000000000469e-02
7.190000000000000557e-02
7.359999999999999876e-02
7.489999999999999436e-02
7.560000000000000053e-02
7.630000000000000671e-02
7.789999999999999702e-02
8.089999999999999969e-02
8.290000000000000147e-02
8.409999999999999420e-02
8.530000000000000082e-02
8.799999999999999489e-02
9.270000000000000462e-02
9.579999999999999627e-02
9.819999999999999563e-02
1.010000000000000064e-01
1.039999999999999952e-01
1.069999999999999979e-01
1.110000000000000014e-01
1.189999999999999947e-01
1.250000000000000000e-01
1.280000000000000027e-01
1.330000000000000071e-01
1.370000000000000107e-01
1.409999999999999865e-01
1.469999999999999918e-01
1.559999999999999998e-01
1.640000000000000069e-01
1.690000000000000113e-01
1.729999999999999871e-01
1.819999999999999951e-01
1.960000000000000075e-01
2.049999999999999878e-01
2.109999999999999931e-01
2.190000000000000002e-01
2.290000000000000091e-01
2.389999999999999902e-01
2.469999999999999973e-01
2.540000000000000036e-01
2.700000000000000178e-01
2.979999999999999871e-01
3.150000000000000022e-01
3.270000000000000129e-01
3.439999999999999725e-01
3.619999999999999885e-01
3.790000000000000036e-01
3.930000000000000160e-01
4.069999999999999729e-01
4.179999999999999827e-01
4.269999999999999907e-01
4.390000000000000013e-01
4.540000000000000147e-01
4.610000000000000209e-01
4.630000000000000226e-01
4.660000000000000253e-01
4.699999999999999734e-01
4.729999999999999760e-01
4.759999999999999787e-01
4.769999999999999796e-01
4.789999999999999813e-01
4.799999999999999822e-01
4.809999999999999831e-01
4.829999999999999849e-01
4.839999999999999858e-01
4.859999999999999876e-01
4.869999999999999885e-01
4.869999999999999885e-01
4.859999999999999876e-01
4.859999999999999876e-01
4.839999999999999858e-01
4.819999999999999840e-01
4.799999999999999822e-01
4.789999999999999813e-01
4.759999999999999787e-01
4.739999999999999769e-01
4.709999999999999742e-01
4.680000000000000271e-01
4.640000000000000235e-01
4.600000000000000200e-01
4.570000000000000173e-01
4.530000000000000138e-01
4.480000000000000093e-01
4.430000000000000049e-01
4.400000000000000022e-01
4.359999999999999987e-01
4.319999999999999951e-01
4.269999999999999907e-01
4.219999999999999862e-01
4.169999999999999818e-01
4.119999999999999774e-01
4.069999999999999729e-01
4.020000000000000240e-01
3.960000000000000187e-01
3.920000000000000151e-01
3.870000000000000107e-01
3.820000000000000062e-01
3.760000000000000009e-01
3.699999999999999956e-01
3.639999999999999902e-01
3.579999999999999849e-01
3.519999999999999796e-01
3.459999999999999742e-01
3.400000000000000244e-01
3.350000000000000200e-01
3.300000000000000155e-01
3.240000000000000102e-01
3.190000000000000058e-01
3.140000000000000013e-01
3.089999999999999969e-01
3.019999999999999907e-01
2.959999999999999853e-01
2.899999999999999800e-01
2.839999999999999747e-01
2.780000000000000249e-01
2.720000000000000195e-01
2.670000000000000151e-01
2.620000000000000107e-01
2.570000000000000062e-01
2.510000000000000009e-01
2.439999999999999947e-01
2.389999999999999902e-01
2.359999999999999876e-01
2.330000000000000127e-01
2.300000000000000100e-01
2.250000000000000056e-01
2.200000000000000011e-01
2.149999999999999967e-01
2.109999999999999931e-01
2.059999999999999887e-01
2.020000000000000129e-01
1.980000000000000093e-01
1.940000000000000058e-01
1.900000000000000022e-01
1.869999999999999996e-01
1.839999999999999969e-01
1.819999999999999951e-01
1.789999999999999925e-01
1.749999999999999889e-01
1.719999999999999862e-01
1.690000000000000113e-01
1.660000000000000087e-01
1.640000000000000069e-01
1.610000000000000042e-01
1.590000000000000024e-01
1.559999999999999998e-01
1.549999999999999989e-01
1.529999999999999971e-01
1.519999999999999962e-01
1.509999999999999953e-01
1.499999999999999944e-01
1.479999999999999927e-01
1.459999999999999909e-01
1.449999999999999900e-01
1.439999999999999891e-01
1.439999999999999891e-01
1.429999999999999882e-01
1.429999999999999882e-01
1.419999999999999873e-01
1.409999999999999865e-01
1.409999999999999865e-01
1.409999999999999865e-01
1.409999999999999865e-01
1.409999999999999865e-01
1.409999999999999865e-01
1.409999999999999865e-01
1.409999999999999865e-01
1.429999999999999882e-01
1.439999999999999891e-01
1.439999999999999891e-01
1.439999999999999891e-01
1.439999999999999891e-01
1.459999999999999909e-01
1.479999999999999927e-01
1.499999999999999944e-01
1.519999999999999962e-01
1.529999999999999971e-01
1.549999999999999989e-01
1.559999999999999998e-01
1.580000000000000016e-01
1.600000000000000033e-01
1.630000000000000060e-01
1.660000000000000087e-01
1.680000000000000104e-01
1.690000000000000113e-01
1.710000000000000131e-01
1.739999999999999880e-01
1.779999999999999916e-01
1.819999999999999951e-01
1.869999999999999996e-01
1.890000000000000013e-01
1.910000000000000031e-01
1.930000000000000049e-01
1.970000000000000084e-01
2.010000000000000120e-01
2.030000000000000138e-01
2.049999999999999878e-01
2.079999999999999905e-01
2.119999999999999940e-01
2.169999999999999984e-01
2.200000000000000011e-01
2.220000000000000029e-01
2.250000000000000056e-01
2.300000000000000100e-01
2.340000000000000135e-01
2.349999999999999867e-01
2.340000000000000135e-01
2.349999999999999867e-01
2.399999999999999911e-01
2.449999999999999956e-01
2.489999999999999991e-01
2.530000000000000027e-01
2.580000000000000071e-01
2.650000000000000133e-01
2.720000000000000195e-01
2.770000000000000240e-01
2.810000000000000275e-01
2.889999999999999791e-01
3.019999999999999907e-01
3.160000000000000031e-01
3.270000000000000129e-01
3.380000000000000226e-01
3.529999999999999805e-01
3.770000000000000018e-01
4.040000000000000258e-01
4.279999999999999916e-01
4.500000000000000111e-01
4.709999999999999742e-01
4.929999999999999938e-01
5.200000000000000178e-01
5.570000000000000506e-01
6.049999999999999822e-01
6.520000000000000240e-01
6.860000000000000542e-01
7.159999999999999698e-01
7.540000000000000036e-01
8.060000000000000497e-01
8.599999999999999867e-01
8.980000000000000204e-01
9.250000000000000444e-01
9.489999999999999547e-01
9.769999999999999796e-01
1.010000000000000009e+00
1.040000000000000036e+00
1.070000000000000062e+00
1.100000000000000089e+00
1.120000000000000107e+00
1.129999999999999893e+00
1.139999999999999902e+00
1.149999999999999911e+00
1.159999999999999920e+00
1.169999999999999929e+00
1.179999999999999938e+00
1.189999999999999947e+00
1.189999999999999947e+00
1.199999999999999956e+00
1.199999999999999956e+00
1.199999999999999956e+00
1.199999999999999956e+00
1.209999999999999964e+00
1.209999999999999964e+00
1.209999999999999964e+00
1.209999999999999964e+00
1.219999999999999973e+00
1.229999999999999982e+00
1.229999999999999982e+00
1.229999999999999982e+00
1.229999999999999982e+00
1.229999999999999982e+00
1.229999999999999982e+00
1.239999999999999991e+00
1.239999999999999991e+00
1.239999999999999991e+00
1.239999999999999991e+00
1.250000000000000000e+00
1.250000000000000000e+00
1.260000000000000009e+00
1.260000000000000009e+00
1.260000000000000009e+00
1.260000000000000009e+00
1.270000000000000018e+00
1.270000000000000018e+00
1.270000000000000018e+00
1.270000000000000018e+00
1.280000000000000027e+00
1.280000000000000027e+00
1.280000000000000027e+00
1.280000000000000027e+00
1.280000000000000027e+00
1.280000000000000027e+00
1.280000000000000027e+00
1.270000000000000018e+00
1.270000000000000018e+00
1.270000000000000018e+00
1.270000000000000018e+00
1.270000000000000018e+00
1.270000000000000018e+00
1.270000000000000018e+00
1.260000000000000009e+00
1.260000000000000009e+00
1.260000000000000009e+00
1.260000000000000009e+00
1.250000000000000000e+00
1.250000000000000000e+00
1.239999999999999991e+00
1.239999999999999991e+00
1.239999999999999991e+00
1.239999999999999991e+00
1.229999999999999982e+00
1.219999999999999973e+00
1.219999999999999973e+00
1.209999999999999964e+00
1.209999999999999964e+00
1.209999999999999964e+00
1.209999999999999964e+00
1.209999999999999964e+00
1.199999999999999956e+00
1.199999999999999956e+00
1.199999999999999956e+00
1.199999999999999956e+00
1.189999999999999947e+00
1.189999999999999947e+00
1.179999999999999938e+00
1.179999999999999938e+00
1.179999999999999938e+00
1.169999999999999929e+00
1.169999999999999929e+00
1.159999999999999920e+00
1.159999999999999920e+00
1.159999999999999920e+00
1.159999999999999920e+00
1.159999999999999920e+00
1.149999999999999911e+00
1.149999999999999911e+00
1.139999999999999902e+00
1.139999999999999902e+00
1.129999999999999893e+00
1.129999999999999893e+00
1.129999999999999893e+00
1.120000000000000107e+00
1.120000000000000107e+00
1.120000000000000107e+00
1.110000000000000098e+00
1.110000000000000098e+00
1.100000000000000089e+00
1.100000000000000089e+00
1.100000000000000089e+00
1.100000000000000089e+00
1.100000000000000089e+00
1.100000000000000089e+00
1.100000000000000089e+00
1.090000000000000080e+00
1.090000000000000080e+00
1.090000000000000080e+00
1.080000000000000071e+00
1.080000000000000071e+00
1.080000000000000071e+00
1.080000000000000071e+00
1.080000000000000071e+00
1.080000000000000071e+00
1.080000000000000071e+00
1.080000000000000071e+00
1.080000000000000071e+00
1.090000000000000080e+00
1.090000000000000080e+00
1.100000000000000089e+00
1.100000000000000089e+00
1.110000000000000098e+00
1.110000000000000098e+00
1.110000000000000098e+00
1.120000000000000107e+00
1.120000000000000107e+00
1.129999999999999893e+00
1.139999999999999902e+00
1.149999999999999911e+00
1.159999999999999920e+00
1.159999999999999920e+00
1.169999999999999929e+00
1.179999999999999938e+00
1.179999999999999938e+00
1.189999999999999947e+00
1.199999999999999956e+00
1.209999999999999964e+00
1.219999999999999973e+00
1.229999999999999982e+00
1.239999999999999991e+00
1.250000000000000000e+00
1.270000000000000018e+00
1.280000000000000027e+00
1.300000000000000044e+00
1.310000000000000053e+00
1.320000000000000062e+00
1.340000000000000080e+00
1.350000000000000089e+00
1.370000000000000107e+00
1.389999999999999902e+00
1.419999999999999929e+00
1.439999999999999947e+00
1.469999999999999973e+00
1.489999999999999991e+00
1.510000000000000009e+00
1.530000000000000027e+00
1.560000000000000053e+00
1.580000000000000071e+00
1.610000000000000098e+00
1.639999999999999902e+00
1.669999999999999929e+00
1.699999999999999956e+00
1.729999999999999982e+00
1.760000000000000009e+00
1.790000000000000036e+00
1.830000000000000071e+00
1.870000000000000107e+00
1.909999999999999920e+00
1.939999999999999947e+00
1.969999999999999973e+00
2.009999999999999787e+00
2.049999999999999822e+00
2.100000000000000089e+00
2.149999999999999911e+00
2.200000000000000178e+00
2.240000000000000213e+00
2.279999999999999805e+00
2.310000000000000053e+00
2.359999999999999876e+00
2.419999999999999929e+00
2.479999999999999982e+00
2.540000000000000036e+00
2.589999999999999858e+00
2.629999999999999893e+00
2.669999999999999929e+00
2.700000000000000178e+00
2.740000000000000213e+00
2.779999999999999805e+00
2.830000000000000071e+00
2.890000000000000124e+00
2.959999999999999964e+00
3.029999999999999805e+00
3.100000000000000089e+00
3.149999999999999911e+00
3.180000000000000160e+00
3.229999999999999982e+00
3.270000000000000018e+00
3.319999999999999840e+00
3.359999999999999876e+00
3.410000000000000142e+00
3.450000000000000178e+00
3.500000000000000000e+00
3.540000000000000036e+00
3.600000000000000089e+00
3.649999999999999911e+00
3.700000000000000178e+00
3.750000000000000000e+00
3.799999999999999822e+00
3.870000000000000107e+00
3.930000000000000160e+00
3.990000000000000213e+00
4.059999999999999609e+00
4.129999999999999893e+00
4.219999999999999751e+00
4.299999999999999822e+00
4.389999999999999680e+00
4.500000000000000000e+00
4.629999999999999893e+00
4.740000000000000213e+00
4.900000000000000355e+00
5.089999999999999858e+00
5.259999999999999787e+00
5.480000000000000426e+00
5.719999999999999751e+00
6.009999999999999787e+00
6.240000000000000213e+00
6.580000000000000071e+00
6.929999999999999716e+00
7.309999999999999609e+00
7.629999999999999893e+00
8.089999999999999858e+00
8.550000000000000711e+00
9.029999999999999361e+00
9.589999999999999858e+00
1.000000000000000000e+01
1.059999999999999964e+01
1.119999999999999929e+01
1.180000000000000071e+01
1.250000000000000000e+01
1.319999999999999929e+01
1.369999999999999929e+01
1.430000000000000071e+01
1.509999999999999964e+01
1.580000000000000071e+01
1.650000000000000000e+01
1.710000000000000142e+01
1.780000000000000071e+01
1.850000000000000000e+01
1.919999999999999929e+01
1.980000000000000071e+01
2.030000000000000071e+01
2.089999999999999858e+01
2.150000000000000000e+01
2.200000000000000000e+01
2.260000000000000142e+01
2.310000000000000142e+01
2.360000000000000142e+01
2.410000000000000142e+01
2.450000000000000000e+01
2.489999999999999858e+01
2.530000000000000071e+01
2.569999999999999929e+01
2.610000000000000142e+01
2.639999999999999858e+01
2.669999999999999929e+01
2.700000000000000000e+01
2.730000000000000071e+01
2.760000000000000142e+01
2.780000000000000071e+01
2.810000000000000142e+01
2.839999999999999858e+01
2.860000000000000142e+01
2.880000000000000071e+01
2.889999999999999858e+01
2.910000000000000142e+01
2.930000000000000071e+01
2.939999999999999858e+01
2.960000000000000142e+01
2.969999999999999929e+01
2.980000000000000071e+01
2.989999999999999858e+01
3.000000000000000000e+01
3.010000000000000142e+01
3.019999999999999929e+01
3.030000000000000071e+01
3.039999999999999858e+01
3.039999999999999858e+01
3.050000000000000000e+01
3.050000000000000000e+01
3.050000000000000000e+01
3.050000000000000000e+01
3.060000000000000142e+01
3.060000000000000142e+01
3.060000000000000142e+01
3.060000000000000142e+01
3.050000000000000000e+01
3.050000000000000000e+01
3.050000000000000000e+01
3.050000000000000000e+01
3.039999999999999858e+01
3.039999999999999858e+01
3.030000000000000071e+01
3.019999999999999929e+01
3.010000000000000142e+01
3.010000000000000142e+01
3.000000000000000000e+01
2.980000000000000071e+01
2.969999999999999929e+01
2.960000000000000142e+01
2.939999999999999858e+01
2.919999999999999929e+01
2.900000000000000000e+01
2.869999999999999929e+01
2.850000000000000000e+01
2.830000000000000071e+01
2.800000000000000000e+01
2.780000000000000071e+01
2.750000000000000000e+01
2.719999999999999929e+01
2.700000000000000000e+01
2.660000000000000142e+01
2.639999999999999858e+01
2.610000000000000142e+01
2.580000000000000071e+01
2.560000000000000142e+01
2.519999999999999929e+01
2.500000000000000000e+01
2.469999999999999929e+01
2.439999999999999858e+01
2.410000000000000142e+01
2.389999999999999858e+01
2.360000000000000142e+01
2.330000000000000071e+01
2.310000000000000142e+01
2.269999999999999929e+01
2.250000000000000000e+01
2.219999999999999929e+01
2.189999999999999858e+01
2.160000000000000142e+01
2.139999999999999858e+01
2.110000000000000142e+01
2.080000000000000071e+01
2.050000000000000000e+01
2.030000000000000071e+01
2.000000000000000000e+01
1.969999999999999929e+01
1.950000000000000000e+01
1.919999999999999929e+01
1.900000000000000000e+01
1.869999999999999929e+01
1.850000000000000000e+01
1.830000000000000071e+01
1.800000000000000000e+01
1.780000000000000071e+01
1.760000000000000142e+01
1.730000000000000071e+01
1.710000000000000142e+01
1.689999999999999858e+01
1.669999999999999929e+01
1.650000000000000000e+01
1.619999999999999929e+01
1.610000000000000142e+01
1.580000000000000071e+01
1.559999999999999964e+01
1.550000000000000000e+01
1.530000000000000071e+01
1.500000000000000000e+01
1.490000000000000036e+01
1.469999999999999929e+01
1.450000000000000000e+01
1.430000000000000071e+01
1.409999999999999964e+01
1.400000000000000000e+01
1.380000000000000071e+01
1.359999999999999964e+01
1.350000000000000000e+01
1.330000000000000071e+01
1.319999999999999929e+01
1.300000000000000000e+01
1.280000000000000071e+01
1.269999999999999929e+01
1.250000000000000000e+01
1.240000000000000036e+01
1.219999999999999929e+01
1.209999999999999964e+01
1.190000000000000036e+01
1.180000000000000071e+01
1.169999999999999929e+01
1.150000000000000000e+01
1.140000000000000036e+01
1.130000000000000071e+01
1.109999999999999964e+01
1.100000000000000000e+01
1.090000000000000036e+01
1.080000000000000071e+01
1.059999999999999964e+01
1.050000000000000000e+01
1.040000000000000036e+01
1.030000000000000071e+01
1.019999999999999929e+01
1.009999999999999964e+01
1.000000000000000000e+01
9.910000000000000142e+00
9.839999999999999858e+00
9.750000000000000000e+00
9.660000000000000142e+00
9.560000000000000497e+00
9.480000000000000426e+00
9.380000000000000782e+00
9.310000000000000497e+00
9.199999999999999289e+00
9.130000000000000782e+00
9.050000000000000711e+00
8.980000000000000426e+00
8.900000000000000355e+00
8.820000000000000284e+00
8.740000000000000213e+00
8.669999999999999929e+00
8.589999999999999858e+00
8.509999999999999787e+00
8.449999999999999289e+00
8.359999999999999432e+00
8.300000000000000711e+00
8.230000000000000426e+00
8.160000000000000142e+00
8.099999999999999645e+00
8.039999999999999147e+00
7.959999999999999964e+00
7.889999999999999680e+00
7.830000000000000071e+00
7.769999999999999574e+00
7.709999999999999964e+00
7.650000000000000355e+00
7.610000000000000320e+00
7.549999999999999822e+00
7.500000000000000000e+00
7.429999999999999716e+00
7.370000000000000107e+00
7.320000000000000284e+00
7.250000000000000000e+00
7.200000000000000178e+00
7.160000000000000142e+00
7.120000000000000107e+00
7.080000000000000071e+00
7.040000000000000036e+00
6.990000000000000213e+00
6.940000000000000391e+00
6.910000000000000142e+00
6.870000000000000107e+00
6.830000000000000071e+00
6.780000000000000249e+00
6.740000000000000213e+00
6.709999999999999964e+00
6.700000000000000178e+00
6.650000000000000355e+00
6.629999999999999893e+00
6.599999999999999645e+00
6.570000000000000284e+00
6.530000000000000249e+00
6.500000000000000000e+00
6.469999999999999751e+00
6.450000000000000178e+00
6.419999999999999929e+00
6.400000000000000355e+00
6.360000000000000320e+00
6.349999999999999645e+00
6.309999999999999609e+00
6.280000000000000249e+00
6.250000000000000000e+00
6.209999999999999964e+00
6.190000000000000391e+00
6.160000000000000142e+00
6.129999999999999893e+00
6.120000000000000107e+00
6.089999999999999858e+00
6.080000000000000071e+00
6.049999999999999822e+00
6.049999999999999822e+00
6.019999999999999574e+00
6.009999999999999787e+00
5.980000000000000426e+00
5.969999999999999751e+00
5.950000000000000178e+00
5.940000000000000391e+00
5.919999999999999929e+00
5.910000000000000142e+00
5.889999999999999680e+00
5.879999999999999893e+00
5.849999999999999645e+00
5.830000000000000071e+00
5.799999999999999822e+00
5.790000000000000036e+00
5.750000000000000000e+00
5.750000000000000000e+00
5.719999999999999751e+00
5.709999999999999964e+00
5.690000000000000391e+00
5.679999999999999716e+00
5.660000000000000142e+00
5.660000000000000142e+00
5.639999999999999680e+00
5.650000000000000355e+00
5.629999999999999893e+00
5.629999999999999893e+00
5.620000000000000107e+00
5.620000000000000107e+00
5.599999999999999645e+00
5.610000000000000320e+00
5.599999999999999645e+00
5.599999999999999645e+00
5.580000000000000071e+00
5.580000000000000071e+00
5.559999999999999609e+00
5.559999999999999609e+00
5.549999999999999822e+00
5.549999999999999822e+00
5.540000000000000036e+00
5.540000000000000036e+00
5.530000000000000249e+00
5.530000000000000249e+00
5.530000000000000249e+00
5.530000000000000249e+00
5.530000000000000249e+00
5.530000000000000249e+00
5.519999999999999574e+00
5.519999999999999574e+00
5.519999999999999574e+00
5.530000000000000249e+00
5.519999999999999574e+00
5.519999999999999574e+00
5.519999999999999574e+00
5.519999999999999574e+00
5.509999999999999787e+00
5.530000000000000249e+00
5.509999999999999787e+00
5.519999999999999574e+00
5.519999999999999574e+00
5.519999999999999574e+00
5.509999999999999787e+00
5.519999999999999574e+00
5.519999999999999574e+00
5.540000000000000036e+00
5.540000000000000036e+00
5.540000000000000036e+00
5.559999999999999609e+00
5.570000000000000284e+00
5.580000000000000071e+00
5.610000000000000320e+00
5.610000000000000320e+00
5.629999999999999893e+00
5.639999999999999680e+00
5.660000000000000142e+00
5.669999999999999929e+00
5.690000000000000391e+00
5.700000000000000178e+00
5.730000000000000426e+00
5.750000000000000000e+00
5.769999999999999574e+00
5.780000000000000249e+00
5.799999999999999822e+00
5.809999999999999609e+00
5.830000000000000071e+00
5.839999999999999858e+00
5.879999999999999893e+00
5.889999999999999680e+00
5.929999999999999716e+00
5.950000000000000178e+00
5.969999999999999751e+00
6.000000000000000000e+00
6.030000000000000249e+00
6.049999999999999822e+00
6.089999999999999858e+00
6.099999999999999645e+00
6.139999999999999680e+00
6.169999999999999929e+00
6.200000000000000178e+00
6.219999999999999751e+00
6.259999999999999787e+00
6.280000000000000249e+00
6.339999999999999858e+00
6.370000000000000107e+00
6.389999999999999680e+00
6.450000000000000178e+00
6.490000000000000213e+00
6.519999999999999574e+00
6.570000000000000284e+00
6.620000000000000107e+00
6.660000000000000142e+00
6.690000000000000391e+00
6.750000000000000000e+00
6.799999999999999822e+00
6.839999999999999858e+00
6.900000000000000355e+00
6.959999999999999964e+00
7.000000000000000000e+00
7.049999999999999822e+00
7.110000000000000320e+00
7.179999999999999716e+00
7.240000000000000213e+00
7.269999999999999574e+00
7.339999999999999858e+00
7.410000000000000142e+00
7.480000000000000426e+00
7.540000000000000036e+00
7.589999999999999858e+00
7.669999999999999929e+00
7.730000000000000426e+00
7.780000000000000249e+00
7.830000000000000071e+00
7.889999999999999680e+00
7.950000000000000178e+00
8.000000000000000000e+00
8.050000000000000711e+00
8.099999999999999645e+00
8.160000000000000142e+00
8.210000000000000853e+00
8.240000000000000213e+00
8.259999999999999787e+00
8.320000000000000284e+00
8.349999999999999645e+00
8.390000000000000568e+00
8.429999999999999716e+00
8.449999999999999289e+00
8.480000000000000426e+00
8.509999999999999787e+00
8.539999999999999147e+00
8.560000000000000497e+00
8.589999999999999858e+00
8.619999999999999218e+00
8.640000000000000568e+00
8.669999999999999929e+00
8.689999999999999503e+00
8.720000000000000639e+00
8.740000000000000213e+00
8.759999999999999787e+00
8.779999999999999361e+00
8.779999999999999361e+00
8.779999999999999361e+00
8.789999999999999147e+00
8.810000000000000497e+00
8.810000000000000497e+00
8.810000000000000497e+00
8.810000000000000497e+00
8.800000000000000711e+00
8.800000000000000711e+00
8.789999999999999147e+00
8.779999999999999361e+00
8.769999999999999574e+00
8.750000000000000000e+00
8.750000000000000000e+00
8.740000000000000213e+00
8.740000000000000213e+00
8.740000000000000213e+00
8.740000000000000213e+00
8.750000000000000000e+00
8.759999999999999787e+00
8.779999999999999361e+00
8.789999999999999147e+00
8.789999999999999147e+00
8.800000000000000711e+00
8.789999999999999147e+00
8.810000000000000497e+00
8.820000000000000284e+00
8.839999999999999858e+00
8.849999999999999645e+00
8.849999999999999645e+00
8.859999999999999432e+00
8.869999999999999218e+00
8.869999999999999218e+00
8.880000000000000782e+00
8.890000000000000568e+00
8.900000000000000355e+00
8.919999999999999929e+00
8.949999999999999289e+00
8.970000000000000639e+00
9.009999999999999787e+00
9.029999999999999361e+00
9.109999999999999432e+00
9.150000000000000355e+00
9.199999999999999289e+00
9.259999999999999787e+00
9.320000000000000284e+00
9.380000000000000782e+00
9.460000000000000853e+00
9.539999999999999147e+00
9.630000000000000782e+00
9.720000000000000639e+00
9.820000000000000284e+00
9.939999999999999503e+00
1.009999999999999964e+01
1.019999999999999929e+01
1.030000000000000071e+01
1.040000000000000036e+01
1.059999999999999964e+01
1.080000000000000071e+01
1.090000000000000036e+01
1.109999999999999964e+01
1.140000000000000036e+01
1.159999999999999964e+01
1.180000000000000071e+01
1.209999999999999964e+01
1.240000000000000036e+01
1.269999999999999929e+01
1.300000000000000000e+01
1.330000000000000071e+01
1.380000000000000071e+01
1.409999999999999964e+01
1.480000000000000071e+01
1.530000000000000071e+01
1.590000000000000036e+01
1.639999999999999858e+01
1.710000000000000142e+01
1.769999999999999929e+01
1.850000000000000000e+01
1.930000000000000071e+01
2.050000000000000000e+01
2.150000000000000000e+01
2.250000000000000000e+01
2.369999999999999929e+01
2.480000000000000071e+01
2.619999999999999929e+01
2.750000000000000000e+01
2.969999999999999929e+01
3.139999999999999858e+01
3.320000000000000284e+01
3.500000000000000000e+01
3.729999999999999716e+01
3.929999999999999716e+01
4.270000000000000284e+01
4.529999999999999716e+01
4.789999999999999858e+01
5.060000000000000142e+01
5.360000000000000142e+01
5.760000000000000142e+01
6.089999999999999858e+01
6.400000000000000000e+01
6.720000000000000284e+01
7.059999999999999432e+01
7.500000000000000000e+01
7.840000000000000568e+01
8.159999999999999432e+01
8.470000000000000284e+01
8.750000000000000000e+01
9.190000000000000568e+01
9.459999999999999432e+01
9.720000000000000284e+01
1.000000000000000000e+02
1.030000000000000000e+02
1.060000000000000000e+02
1.080000000000000000e+02
1.100000000000000000e+02
1.120000000000000000e+02
1.140000000000000000e+02
1.160000000000000000e+02
1.170000000000000000e+02
1.190000000000000000e+02
1.200000000000000000e+02
1.220000000000000000e+02
1.230000000000000000e+02
1.240000000000000000e+02
1.250000000000000000e+02
1.260000000000000000e+02
1.270000000000000000e+02
1.280000000000000000e+02
1.280000000000000000e+02
1.290000000000000000e+02
1.290000000000000000e+02
1.300000000000000000e+02
1.300000000000000000e+02
1.300000000000000000e+02
1.300000000000000000e+02
1.310000000000000000e+02
1.310000000000000000e+02
1.310000000000000000e+02
1.310000000000000000e+02
1.300000000000000000e+02
1.300000000000000000e+02
1.300000000000000000e+02
1.300000000000000000e+02
1.290000000000000000e+02
1.290000000000000000e+02
1.280000000000000000e+02
1.280000000000000000e+02
1.270000000000000000e+02
1.260000000000000000e+02
1.260000000000000000e+02
1.250000000000000000e+02
1.240000000000000000e+02
1.230000000000000000e+02
1.220000000000000000e+02
1.220000000000000000e+02
1.210000000000000000e+02
1.200000000000000000e+02
1.190000000000000000e+02
1.180000000000000000e+02
1.170000000000000000e+02
1.160000000000000000e+02
1.150000000000000000e+02
1.140000000000000000e+02
1.130000000000000000e+02
1.120000000000000000e+02
1.110000000000000000e+02
1.100000000000000000e+02
1.090000000000000000e+02
1.080000000000000000e+02
1.070000000000000000e+02
1.060000000000000000e+02
1.040000000000000000e+02
1.040000000000000000e+02
1.020000000000000000e+02
1.010000000000000000e+02
1.010000000000000000e+02
9.929999999999999716e+01
9.829999999999999716e+01
9.709999999999999432e+01
9.629999999999999716e+01
9.490000000000000568e+01
9.409999999999999432e+01
9.340000000000000568e+01
9.209999999999999432e+01
9.120000000000000284e+01
9.009999999999999432e+01
8.929999999999999716e+01
8.800000000000000000e+01
8.729999999999999716e+01
8.609999999999999432e+01
8.529999999999999716e+01
8.459999999999999432e+01
8.340000000000000568e+01
8.259999999999999432e+01
8.150000000000000000e+01
8.079999999999999716e+01
7.970000000000000284e+01
7.900000000000000000e+01
7.800000000000000000e+01
7.720000000000000284e+01
7.629999999999999716e+01
7.559999999999999432e+01
7.459999999999999432e+01
7.390000000000000568e+01
7.300000000000000000e+01
7.229999999999999716e+01
7.140000000000000568e+01
7.079999999999999716e+01
6.990000000000000568e+01
6.920000000000000284e+01
6.870000000000000284e+01
6.779999999999999716e+01
6.690000000000000568e+01
6.629999999999999716e+01
6.550000000000000000e+01
6.490000000000000568e+01
6.409999999999999432e+01
6.360000000000000142e+01
6.279999999999999716e+01
6.229999999999999716e+01
6.160000000000000142e+01
6.110000000000000142e+01
6.029999999999999716e+01
5.979999999999999716e+01
5.910000000000000142e+01
5.860000000000000142e+01
5.789999999999999858e+01
5.750000000000000000e+01
5.679999999999999716e+01
5.629999999999999716e+01
5.570000000000000284e+01
5.500000000000000000e+01
5.460000000000000142e+01
5.400000000000000000e+01
5.360000000000000142e+01
5.289999999999999858e+01
5.260000000000000142e+01
5.200000000000000000e+01
5.139999999999999858e+01
5.100000000000000000e+01
5.050000000000000000e+01
5.010000000000000142e+01
4.950000000000000000e+01
4.920000000000000284e+01
4.860000000000000142e+01
4.810000000000000142e+01
4.770000000000000284e+01
4.720000000000000284e+01
4.689999999999999858e+01
4.639999999999999858e+01
4.579999999999999716e+01
4.550000000000000000e+01
4.500000000000000000e+01
4.470000000000000284e+01
4.429999999999999716e+01
4.379999999999999716e+01
4.350000000000000000e+01
4.300000000000000000e+01
4.270000000000000284e+01
4.229999999999999716e+01
4.189999999999999858e+01
4.160000000000000142e+01
4.120000000000000284e+01
4.070000000000000284e+01
4.050000000000000000e+01
4.000000000000000000e+01
3.979999999999999716e+01
3.929999999999999716e+01
3.889999999999999858e+01
3.870000000000000284e+01
3.829999999999999716e+01
3.789999999999999858e+01
3.760000000000000142e+01
3.729999999999999716e+01
3.689999999999999858e+01
3.660000000000000142e+01
3.629999999999999716e+01
3.589999999999999858e+01
3.570000000000000284e+01
3.539999999999999858e+01
3.500000000000000000e+01
3.479999999999999716e+01
3.450000000000000000e+01
3.410000000000000142e+01
3.389999999999999858e+01
3.360000000000000142e+01
3.329999999999999716e+01
3.310000000000000142e+01
3.279999999999999716e+01
3.250000000000000000e+01
3.229999999999999716e+01
3.200000000000000000e+01
3.169999999999999929e+01
3.150000000000000000e+01
3.130000000000000071e+01
3.100000000000000000e+01
3.069999999999999929e+01
3.050000000000000000e+01
3.030000000000000071e+01
3.000000000000000000e+01
2.980000000000000071e+01
2.960000000000000142e+01
2.930000000000000071e+01
2.910000000000000142e+01
2.889999999999999858e+01
2.869999999999999929e+01
2.839999999999999858e+01
2.819999999999999929e+01
2.800000000000000000e+01
2.780000000000000071e+01
2.750000000000000000e+01
2.739999999999999858e+01
2.710000000000000142e+01
2.689999999999999858e+01
2.669999999999999929e+01
2.660000000000000142e+01
2.639999999999999858e+01
2.619999999999999929e+01
2.600000000000000000e+01
2.580000000000000071e+01
2.569999999999999929e+01
2.550000000000000000e+01
2.530000000000000071e+01
2.519999999999999929e+01
2.500000000000000000e+01
2.489999999999999858e+01
2.469999999999999929e+01
2.460000000000000142e+01
2.439999999999999858e+01
2.419999999999999929e+01
2.400000000000000000e+01
2.389999999999999858e+01
2.369999999999999929e+01
2.360000000000000142e+01
2.339999999999999858e+01
2.330000000000000071e+01
2.319999999999999929e+01
2.300000000000000000e+01
2.289999999999999858e+01
2.280000000000000071e+01
2.260000000000000142e+01
2.250000000000000000e+01
2.239999999999999858e+01
2.230000000000000071e+01
2.210000000000000142e+01
2.200000000000000000e+01
2.189999999999999858e+01
2.180000000000000071e+01
2.169999999999999929e+01
2.160000000000000142e+01
2.150000000000000000e+01
2.139999999999999858e+01
2.130000000000000071e+01
2.119999999999999929e+01
2.110000000000000142e+01
2.100000000000000000e+01
2.089999999999999858e+01
2.089999999999999858e+01
2.080000000000000071e+01
2.069999999999999929e+01
2.060000000000000142e+01
2.050000000000000000e+01
2.039999999999999858e+01
2.030000000000000071e+01
2.030000000000000071e+01
2.019999999999999929e+01
2.010000000000000142e+01
2.000000000000000000e+01
2.000000000000000000e+01
1.989999999999999858e+01
1.980000000000000071e+01
1.980000000000000071e+01
1.969999999999999929e+01
1.960000000000000142e+01
1.960000000000000142e+01
1.950000000000000000e+01
1.950000000000000000e+01
1.939999999999999858e+01
1.939999999999999858e+01
1.930000000000000071e+01
1.930000000000000071e+01
1.919999999999999929e+01
1.919999999999999929e+01
1.910000000000000142e+01
1.910000000000000142e+01
1.900000000000000000e+01
1.900000000000000000e+01
1.900000000000000000e+01
1.889999999999999858e+01
1.880000000000000071e+01
1.880000000000000071e+01
1.869999999999999929e+01
1.869999999999999929e+01
1.869999999999999929e+01
1.860000000000000142e+01
1.860000000000000142e+01
1.850000000000000000e+01
1.850000000000000000e+01
1.850000000000000000e+01
1.839999999999999858e+01
1.839999999999999858e+01
1.839999999999999858e+01
1.839999999999999858e+01
1.839999999999999858e+01
1.839999999999999858e+01
1.839999999999999858e+01
1.839999999999999858e+01
1.839999999999999858e+01
1.839999999999999858e+01
1.830000000000000071e+01
1.830000000000000071e+01
1.830000000000000071e+01
1.830000000000000071e+01
1.830000000000000071e+01
1.830000000000000071e+01
1.830000000000000071e+01
1.830000000000000071e+01
1.830000000000000071e+01
1.830000000000000071e+01
1.830000000000000071e+01
1.830000000000000071e+01
1.830000000000000071e+01
1.830000000000000071e+01
1.830000000000000071e+01
1.830000000000000071e+01
1.830000000000000071e+01
1.839999999999999858e+01
1.839999999999999858e+01
1.839999999999999858e+01
1.839999999999999858e+01
1.839999999999999858e+01
1.839999999999999858e+01
1.839999999999999858e+01
1.839999999999999858e+01
1.839999999999999858e+01
1.850000000000000000e+01
1.850000000000000000e+01
1.850000000000000000e+01
1.850000000000000000e+01
1.860000000000000142e+01
1.860000000000000142e+01
1.860000000000000142e+01
1.860000000000000142e+01
1.869999999999999929e+01
1.869999999999999929e+01
1.869999999999999929e+01
1.880000000000000071e+01
1.880000000000000071e+01
1.880000000000000071e+01
1.889999999999999858e+01
1.889999999999999858e+01
1.900000000000000000e+01
1.900000000000000000e+01
1.910000000000000142e+01
1.910000000000000142e+01
1.919999999999999929e+01
1.919999999999999929e+01
1.930000000000000071e+01
1.930000000000000071e+01
1.939999999999999858e+01
1.950000000000000000e+01
1.950000000000000000e+01
1.960000000000000142e+01
1.969999999999999929e+01
1.969999999999999929e+01
1.980000000000000071e+01
1.989999999999999858e+01
1.989999999999999858e+01
2.000000000000000000e+01
2.000000000000000000e+01
2.010000000000000142e+01
2.019999999999999929e+01
2.030000000000000071e+01
2.039999999999999858e+01
2.050000000000000000e+01
2.050000000000000000e+01
2.060000000000000142e+01
2.069999999999999929e+01
2.080000000000000071e+01
2.089999999999999858e+01
2.089999999999999858e+01
2.100000000000000000e+01
2.110000000000000142e+01
2.130000000000000071e+01
2.139999999999999858e+01
2.150000000000000000e+01
2.150000000000000000e+01
2.160000000000000142e+01
2.169999999999999929e+01
2.180000000000000071e+01
2.189999999999999858e+01
2.200000000000000000e+01
2.210000000000000142e+01
2.219999999999999929e+01
2.230000000000000071e+01
2.250000000000000000e+01
2.260000000000000142e+01
2.280000000000000071e+01
2.289999999999999858e+01
2.300000000000000000e+01
2.310000000000000142e+01
2.330000000000000071e+01
2.339999999999999858e+01
2.350000000000000000e+01
2.360000000000000142e+01
2.380000000000000071e+01
2.389999999999999858e+01
2.410000000000000142e+01
2.419999999999999929e+01
2.430000000000000071e+01
2.439999999999999858e+01
2.460000000000000142e+01
2.469999999999999929e+01
2.489999999999999858e+01
2.500000000000000000e+01
2.519999999999999929e+01
2.530000000000000071e+01
2.550000000000000000e+01
2.560000000000000142e+01
2.580000000000000071e+01
2.589999999999999858e+01
2.610000000000000142e+01
2.619999999999999929e+01
2.650000000000000000e+01
2.660000000000000142e+01
2.680000000000000071e+01
2.700000000000000000e+01
2.710000000000000142e+01
2.730000000000000071e+01
2.739999999999999858e+01
2.760000000000000142e+01
2.789999999999999858e+01
2.800000000000000000e+01
2.819999999999999929e+01
2.839999999999999858e+01
2.860000000000000142e+01
2.869999999999999929e+01
2.900000000000000000e+01
2.919999999999999929e+01
2.930000000000000071e+01
2.950000000000000000e+01
2.969999999999999929e+01
2.989999999999999858e+01
3.000000000000000000e+01
3.039999999999999858e+01
3.050000000000000000e+01
3.069999999999999929e+01
3.089999999999999858e+01
3.110000000000000142e+01
3.150000000000000000e+01
3.160000000000000142e+01
3.180000000000000071e+01
3.200000000000000000e+01
3.220000000000000284e+01
3.239999999999999858e+01
3.270000000000000284e+01
3.289999999999999858e+01
3.310000000000000142e+01
3.329999999999999716e+01
3.350000000000000000e+01
3.389999999999999858e+01
3.400000000000000000e+01
3.429999999999999716e+01
3.450000000000000000e+01
3.470000000000000284e+01
3.489999999999999858e+01
3.529999999999999716e+01
3.550000000000000000e+01
3.570000000000000284e+01
3.589999999999999858e+01
3.610000000000000142e+01
3.660000000000000142e+01
3.679999999999999716e+01
3.700000000000000000e+01
3.720000000000000284e+01
3.760000000000000142e+01
3.779999999999999716e+01
3.800000000000000000e+01
3.829999999999999716e+01
3.850000000000000000e+01
3.889999999999999858e+01
3.910000000000000142e+01
3.939999999999999858e+01
3.960000000000000142e+01
4.010000000000000142e+01
4.020000000000000284e+01
4.050000000000000000e+01
4.079999999999999716e+01
4.100000000000000000e+01
4.150000000000000000e+01
4.170000000000000284e+01
4.200000000000000000e+01
4.220000000000000284e+01
4.270000000000000284e+01
4.289999999999999858e+01
4.320000000000000284e+01
4.339999999999999858e+01
4.389999999999999858e+01
4.410000000000000142e+01
4.439999999999999858e+01
4.460000000000000142e+01
4.510000000000000142e+01
4.539999999999999858e+01
4.570000000000000284e+01
4.589999999999999858e+01
4.639999999999999858e+01
4.660000000000000142e+01
4.689999999999999858e+01
4.710000000000000142e+01
4.760000000000000142e+01
